000001
000002
000003
000004
000005
000008
000009
000011
000012
000013
000014
000015
000016
000017
000018
000019
000021
000022
000024
000025
000027
000028
000029
000032
000035
000036
000037
000038
000039
000041
000043
000044
000045
000046
000048
000049
000051
000053
000054
000055
000056
000057
000059
000060
000061
000062
000064
000065
000066
000067
000069
000070
000071
000072
000073
000074
000075
000076
000077
000078
000080
000081
000082
000083
000084
000085
000086
000087
000088
000090
000091
000092
000094
000097
000098
000099
000100
000101
000102
000103
000104
000105
000106
000107
000108
000109
000110
000112
000113
000115
000116
000119
000120
000121
000122
000123
000124
000126
000127
000128
000129
000130
000131
000132
000135
000136
000137
000138
000139
000141
000142
000144
000145
000147
000148
000149
000150
000152
000153
000154
000155
000156
000157
000160
000161
000164
000165
000166
000167
000168
000169
000170
000172
000173
000175
000176
000177
000179
000180
000181
000182
000183
000185
000186
000187
000188
000191
000192
000193
000196
000197
000198
000199
000200
000201
000202
000203
000204
000205
000206
000207
000209
000213
000216
000217
000219
000221
000224
000225
000226
000228
000229
000230
000231
000232
000233
000234
000236
000237
000238
000239
000240
000241
000243
000244
000245
000246
000247
000248
000249
000250
000251
000252
000253
000254
000255
000256
000257
000258
000259
000260
000262
000264
000266
000270
000271
000272
000275
000276
000277
000278
000281
000282
000283
000284
000286
000287
000288
000289
000290
000291
000294
000295
000296
000298
000299
000301
000302
000304
000305
000306
000307
000308
000309
000311
000312
000313
000316
000317
000319
000320
000321
000322
000323
000324
000325
000326
000327
000328
000330
000331
000333
000334
000335
000336
000337
000338
000339
000340
000341
000342
000343
000344
000346
000347
000348
000349
000350
000351
000352
000354
000355
000357
000358
000359
000360
000361
000362
000363
000364
000365
000367
000368
000369
000370
000371
000372
000374
000375
000376
000377
000378
000380
000381
000382
000385
000386
000389
000391
000392
000393
000395
000396
000397
000398
000399
000400
000401
000402
000404
000405
000406
000407
000408
000409
000410
000411
000415
000416
000417
000419
000420
000422
000423
000424
000425
000426
000427
000428
000431
000432
000433
000434
000435
000436
000437
000438
000439
000440
000441
000443
000444
000446
000447
000448
000449
000451
000452
000453
000454
000455
000456
000458
000460
000461
000463
000464
000465
000466
000467
000469
000470
000471
000474
000475
000477
000479
000480
000481
000483
000484
000485
000486
000487
000488
000489
000490
000491
000492
000493
000494
000495
000496
000498
000501
000502
000504
000505
000506
000509
000510
000511
000512
000514
000515
000518
000519
000522
000523
000524
000526
000527
000528
000530
000531
000532
000533
000534
000535
000537
000538
000540
000541
000543
000544
000545
000546
000547
000548
000549
000550
000554
000555
000556
000557
000559
000560
000562
000563
000564
000565
000566
000568
000570
000571
000572
000573
000574
000576
000579
000580
000581
000582
000583
000585
000586
000587
000588
000589
000591
000592
000593
000594
000595
000596
000599
000600
000601
000602
000603
000604
000605
000606
000607
000608
000609
000610
000611
000612
000613
000614
000615
000616
000617
000618
000619
000621
000622
000624
000626
000627
000628
000629
000630
000632
000634
000635
000636
000638
000639
000642
000643
000645
000646
000648
000649
000650
000651
000652
000653
000656
000657
000658
000660
000661
000662
000663
000665
000667
000668
000669
000671
000672
000674
000675
000677
000678
000679
000681
000682
000683
000685
000687
000688
000690
000692
000694
000696
000697
000698
000699
000700
000702
000703
000705
000706
000707
000709
000711
000712
000714
000717
000718
000719
000720
000722
000723
000724
000726
000727
000728
000730
000731
000732
000733
000734
000737
000738
000739
000740
000741
000742
000744
000745
000747
000748
000749
000751
000753
000754
000755
000756
000757
000758
000762
000763
000766
000767
000768
000769
000771
000773
000774
000775
000776
000777
000778
000780
000781
000783
000784
000785
000786
000789
000790
000791
000792
000793
000794
000795
000797
000798
000800
000801
000802
000803
000806
000807
000808
000809
000810
000811
000812
000813
000814
000815
000816
000817
000819
000820
000821
000825
000827
000828
000829
000830
000831
000832
000833
000834
000835
000836
000837
000838
000839
000840
000841
000842
000843
000845
000846
000848
000849
000850
000852
000853
000854
000857
000858
000859
000860
000861
000863
000865
000866
000867
000869
000870
000872
000874
000875
000877
000878
000879
000880
000881
000883
000884
000885
000886
000890
000892
000894
000895
000896
000899
000900
000901
000902
000903
000904
000905
000906
000907
000909
000911
000913
000914
000915
000916
000918
000919
000920
000921
000922
000923
000925
000927
000928
000929
000930
000931
000932
000933
000935
000937
000938
000939
000940
000941
000942
000943
000945
000946
000947
000949
000950
000954
000956
000957
000958
000959
000960
000961
000962
000963
000964
000965
000966
000967
000968
000969
000970
000972
000974
000976
000978
000979
000980
000981
